m 0.01330847,293.19068
7.09882353,-0.0248
7.081553,-0.0413
7.098803,-0.0248
7.098764,-0.0412
7.081573,-0.0412
7.098763,-0.0577
7.081593,-0.066
7.098824,-0.0897
7.098723,-0.10055
7.081633,-0.11211
7.098724,-0.14587
7.081603,-0.16897
7.098803,-0.19204
7.098733,-0.21429
7.081606,-0.28106
7.09876,-0.3033
7.0816,-0.36019
7.09882,-0.42775
7.09872,-0.48382
7.08164,-0.56209
7.09872,-0.64124
7.09876,-0.74261
7.08158,-0.83237
7.09884,-0.96753
7.08157,-1.10222
7.09877,-1.24867
7.0988,-1.40617
7.08155,-1.59731
7.09879,-1.7999
7.08162,-2.00224
7.09873,-2.27235
7.09883,-2.49734
7.0815,-2.8234
7.09885,-3.09341
7.08157,-3.4423
7.09876,-3.80206
7.09878,-4.18465
7.08158,-4.5671
7.09878,-5.03951
7.08163,-5.46706
7.09873,-5.98439
7.09882,-6.47933
7.08157,-7.01934
7.09879,-7.57056
7.08156,-8.15543
7.09877,-8.76306
7.09879,-9.37032
7.08156,-10.00032
7.09879,-10.65279
7.08162,-11.30513
7.09879,-11.98017
7.09877,-12.63251
7.08156,-13.30755
7.09879,-13.9712
7.08157,-14.623624
7.09875,-15.276169
7.09879,-15.917148
7.08157,-16.513449
7.09878,-17.087189
7.09016,-17.6608384
7.09026,-18.1784586
7.09015,-18.650608
7.09019,-19.123219
7.09017,-19.494378
7.09878,-19.888168
7.08162,-20.169461
7.09872,-20.43932
7.08162,-20.61933
7.0988,-20.77683
7.0987,-20.87804
7.08164,-20.88933
7.09872,-20.84425
7.08162,-20.78812
7.09884,-20.63053
7.09874,-20.42818
7.0816,-20.18059
7.09872,-19.86559
7.08164,-19.50574
7.09872,-19.12314
7.09876,-18.66208
7.0816,-18.17827
7.09882,-17.64963
7.08157,-17.08711
7.09879,-16.51337
7.09878,-15.9174
7.08154,-15.26479
7.0988,-14.63494
7.08162,-13.97119
7.09872,-13.30748
7.09884,-12.6438
7.0815,-11.96887
7.09884,-11.31652
7.08158,-10.64149
7.09876,-10.01154
7.0988,-9.35918
7.08156,-8.76299
7.09878,-8.15543
7.08163,-7.55928
7.09873,-7.03055
7.09882,-6.47948
7.08159,-5.9732
7.09877,-5.46695
7.09878,-5.03953
7.08155,-4.6008
7.09881,-4.16216
7.08154,-3.80206
7.09879,-3.44212
7.09877,-3.11601
7.08164,-2.80106
7.09877,-2.51976
7.08159,-2.23846
7.09876,-2.01361
7.09879,-1.78862
7.08155,-1.6086
7.0988,-1.40609
7.08155,-1.23747
7.09879,-1.11358
7.09876,-0.95609
7.08165,-0.85502
7.09871,-0.73107
7.08165,-0.64207
7.09876,-0.57363
7.09879,-0.4731
7.08154,-0.42776
7.09881,-0.36018
7.08155,-0.30331
7.09879,-0.27035
7.09876,-0.21428
7.08165,-0.20276
7.09871,-0.16895
7.08163,-0.14589
7.09877,-0.11211
7.09879,-0.10054
7.08156,-0.0898
7.09879,-0.0578
7.08156,-0.066
7.09877,-0.0412
7.0988,-0.0495
7.08162,-0.0248
7.09877,-0.033
7.09871,-0.0247
