m 20.22293,60.38743
0.09525,-4.81541
0.09525,-2.87866
0.09525,-1.75683
0.09525,-1.2
0.105834,-1.06891
0.09525,-1.03716
0.09525,-0.99483
0.09525,-0.9842
0.09525,-0.88
0.09525,-0.77258
0.09525,-0.698
0.09525,-0.6667
0.09525,-0.64558
0.09525,-0.6032
0.105833,-0.58208
0.09525,-0.51858
0.09525,-0.48683
0.09525,-0.444
0.09525,-0.4127
0.09525,-0.37041
0.09525,-0.35983
0.09525,-0.32808
0.09525,-0.33866
0.09525,-0.32808
0.09525,-0.33866
0.105833,-0.3492
0.09525,-0.32808
0.09525,-0.33866
0.09525,-0.32808
0.09525,-0.30691
0.09525,-0.30691
0.09525,-0.29633
0.09525,-0.30691
0.09525,-0.29633
0.09525,-0.29633
0.105834,-0.29633
0.09525,-0.30691
0.09525,-0.2857
0.09525,-0.26458
0.09525,-0.27516
0.09525,-0.27516
0.09525,-0.26458
0.09525,-0.23283
0.09525,-0.2222
0.09525,-0.23283
0.09525,-0.2222
0.105833,-0.20108
0.09525,-0.190
0.09525,-0.190
0.09525,-0.190
0.09525,-0.16933
0.09525,-0.16933
0.09525,-0.14816
0.09525,-0.12
0.09525,-0.13758
0.09525,-0.12
0.105833,-0.11641
0.09525,-0.10583
0.09525,-0.10583
0.09525,-0.10583
0.09525,-0.0952
0.09525,-0.0952
0.09525,-0.0846
0.09525,-0.0952
0.09525,-0.0740
0.09525,-0.0952
0.09525,-0.0740
0.105834,-0.0846
0.09525,-0.0740
0.09525,-0.0846
0.09525,-0.0740
0.09525,-0.0846
0.09525,-0.0846
0.09525,-0.0740
0.09525,-0.0846
0.09525,-0.0740
0.09525,-0.0740
0.105833,-0.063
0.09525,-0.063
0.09525,-0.063
0.09525,-0.063
0.09525,-0.0529
0.09525,-0.0529
0.09525,-0.0529
0.09525,-0.0529
0.09525,-0.0529
0.09525,-0.0529
0.09525,-0.0423
0.105833,-0.0529
0.09525,-0.0423
0.09525,-0.0423
0.09525,-0.0423
0.09525,-0.0317
0.09525,-0.0423
0.09525,-0.0423
0.09525,-0.0423
0.09525,-0.0317
0.09525,-0.0529
0.105834,-0.0423
0.09525,-0.0529
0.09525,-0.0423
0.09525,-0.03175
m 30.044264,26.06568
0.09525,-0.0317
0.09525,-0.0423
0.09525,-0.0423
0.09525,-0.0317
0.09525,-0.0423
0.09525,-0.0317
0.09525,-0.0317
0.105833,-0.0317
0.09525,-0.0423
0.09525,-0.0317
0.09525,-0.0423
0.09525,-0.0317
0.09525,-0.0317
0.09525,-0.0317
0.09525,-0.0317
0.09525,-0.0317
0.09525,-0.0317
0.105833,-0.0317
0.09525,-0.0317
0.09525,-0.0317
0.09525,-0.0317
0.09525,-0.0211
0.09525,-0.0211
0.09525,-0.0317
0.09525,-0.0211
0.09525,-0.0211
0.09525,-0.0317
0.09525,-0.0211
0.105834,-0.0317
0.09525,-0.0211
0.09525,-0.0211
0.09525,-0.0211
0.09525,-0.0317
0.09525,-0.0211
0.09525,-0.0211
0.09525,-0.0211
0.09525,-0.0211
0.09525,-0.0211
0.105833,-0.0211
0.09525,-0.0211
0.09525,-0.0211
0.09525,-0.0317
0.09525,-0.0211
0.09525,-0.0211
0.09525,-0.0211
0.09525,-0.0211
0.09525,-0.0211
0.09525,-0.0211
0.09525,-0.0211
0.105833,-0.0211
0.09525,-0.0211
0.09525,-0.0211
0.09525,-0.0211
0.09525,-0.0211
0.09525,-0.0317
0.09525,-0.0211
0.09525,-0.0211
0.09525,-0.0211
0.09525,-0.0211
0.09525,-0.0211
0.105834,-0.0211
0.09525,-0.0211
0.09525,-0.0105
0.09525,-0.0317
0.09525,-0.0211
0.09525,-0.0211
0.09525,-0.0211
0.09525,-0.0105
0.09525,-0.0211
0.09525,-0.0211
0.105833,-0.0211
0.09525,-0.0211
0.09525,-0.0105
0.09525,-0.0211
0.09525,-0.0211
0.09525,-0.0211
0.09525,-0.0211
0.09525,-0.0105
0.09525,-0.0211
0.09525,-0.0105
0.09525,-0.0211
0.105833,-0.0211
0.09525,-0.0105
0.09525,-0.0211
0.09525,-0.0211
0.09525,-0.0105
0.09525,-0.0211
0.09525,-0.0105
0.09525,-0.0211
0.09525,-0.0105
0.09525,-0.0105
0.105833,-0.0211
0.09525,-0.0211
0.09525,-0.0105
0.09525,-0.0105
0.09525,-0.0211
0.09525,-0.0105
0.09525,-0.0211
0.09525,-0.0105
0.09525,-0.0211
0.09525,-0.0105
0.09525,-0.0211
0.105834,-0.0105
0.09525,-0.01058
m 40.056098,23.69502
0.09525,-0.0211
0.09525,-0.0105
0.09525,-0.0105
0.09525,-0.0211
0.09525,-0.0105
0.09525,-0.0211
0.09525,-0.0105
0.09525,-0.0105
0.105833,-0.0105
0.09525,-0.0105
0.09525,-0.0211
0.09525,-0.0105
0.09525,-0.0105
0.09525,-0.0105
0.09525,-0.0105
0.09525,-0.0211
0.09525,-0.0105
0.09525,-0.0105
0.09525,-0.0105
0.105833,-0.0105
0.09525,-0.0105
0.09525,-0.0105
0.09525,-0.0105
0.09525,-0.0105
0.09525,-0.0211
0.09525,-0.0105
0.09525,-0.0105
0.09525,-0.0105
0.09525,-0.0105
0.105834,-0.0211
0.09525,-0.0105
0.09525,-0.0105
0.09525,-0.0105
0.09525,-0.0105
0.09525,-0.0105
0.09525,-0.0105
0.09525,-0.0105
0.09525,-0.0105
0.09525,-0.0105
0.09525,-0.0105
0.105833,-0.0105
0.09525,-0.0105
0.09525,-0.0105
0.09525,-0.0105
0.09525,-0.0105
0.09525,-0.0105
0.09525,-0.0105
0.09525,-0.0105
0.09525,-0.0105
0.09525,-0.0105
0.105834,-0.0105
0.09525,-0.0105
0.09525,-0.0105
0.09525,-0.0105
h 0.0952
l 0.09525,-0.0105
0.09525,-0.0105
0.09525,-0.0105
0.09525,-0.0105
0.09525,-0.0105
0.09525,-0.0105
0.105833,-0.0105
0.09525,-0.0105
0.09525,-0.0105
h 0.0952
l 0.09525,-0.0211
h 0.0952
l 0.09525,-0.0105
0.09525,-0.0105
0.09525,-0.0105
0.09525,-0.0105
0.105833,-0.0105
h 0.0952
l 0.09525,-0.0105
0.09525,-0.0105
0.09525,-0.0105
0.09525,-0.0105
0.09525,-0.0105
h 0.0952
l 0.09525,-0.0105
0.09525,-0.0105
h 0.0952
l 0.105834,-0.0105
0.09525,-0.0105
0.09525,-0.0105
0.09525,-0.0105
0.09525,-0.0105
h 0.0952
l 0.09525,-0.0105
0.09525,-0.0105
0.09525,-0.0105
0.09525,-0.0105
h 0.10583
l 0.09525,-0.0105
0.09525,-0.0105
0.09525,-0.0105
0.09525,-0.0105
h 0.0952
l 0.09525,-0.0105
0.09525,-0.0105
0.09525,-0.0105
0.09525,-0.0105
0.09525,-0.0105
h 0.105833
m 50.067931,22.61552
0.09525,-0.0105
0.09525,-0.0105
0.09525,-0.0105
0.09525,-0.0105
h 0.0952
l 0.09525,-0.0105
0.09525,-0.0105
0.09525,-0.0105
0.09525,-0.0105
h 0.10583
l 0.09525,-0.0105
0.09525,-0.0105
0.09525,-0.0105
0.09525,-0.0105
h 0.0952
l 0.09525,-0.0105
0.09525,-0.0105
0.09525,-0.0105
h 0.0952
l 0.09525,-0.0105
0.105833,-0.0105
h 0.0952
l 0.09525,-0.0105
0.09525,-0.0105
h 0.0952
l 0.09525,-0.0105
0.09525,-0.0105
0.09525,-0.0105
0.09525,-0.0105
h 0.0952
l 0.105833,-0.0105
0.09525,-0.0105
h 0.0952
l 0.09525,-0.0105
0.09525,-0.0105
0.09525,-0.0105
h 0.0952
l 0.09525,-0.0105
0.09525,-0.0105
h 0.0952
l 0.09525,-0.0105
0.105834,-0.0105
h 0.0952
l 0.09525,-0.0105
0.09525,-0.0105
h 0.0952
l 0.09525,-0.0105
h 0.0952
l 0.09525,-0.0105
0.09525,-0.0105
h 0.0952
l 0.105833,-0.0105
h 0.0952
l 0.09525,-0.0105
h 0.0952
l 0.09525,-0.0105
h 0.0952
l 0.09525,-0.0105
h 0.0952
l 0.09525,-0.0105
h 0.0952
l 0.09525,-0.0105
h 0.10583
l 0.09525,-0.0105
h 0.0952
l 0.09525,-0.0105
h 0.0952
l 0.09525,-0.0105
h 0.0952
l 0.09525,-0.0105
h 0.0952
l 0.09525,-0.0105
h 0.10583
l 0.09525,-0.0105
h 0.0952
l 0.09525,-0.0105
h 0.0952
l 0.09525,-0.0105
h 0.0952
l 0.09525,-0.0105
h 0.0952
l 0.09525,-0.0105
h 0.20108
l 0.09525,-0.0105
h 0.0952
l 0.09525,-0.0105
h 0.0952
l 0.09525,-0.0105
h 0.190
l 0.09525,-0.0105
h 0.0952
l 0.105833,-0.0105
h 0.0952
l 0.09525,-0.0105
h 0.190
l 0.09525,-0.0105
h 0.0952
l 0.09525,-0.0105
h 0.190
l 0.09525,-0.01058
m 60.069181,21.95935
h 0.20108
l 0.09525,-0.0105
h 0.190
l 0.09525,-0.0105
h 0.190
l 0.09525,-0.0105
h 0.0952
l 0.105833,-0.0105
h 0.190
l 0.09525,-0.0105
h 0.190
l 0.09525,-0.0105
h 0.190
l 0.09525,-0.0105
h 0.20108
l 0.09525,-0.0105
h 0.190
l 0.09525,-0.0105
h 0.190
l 0.09525,-0.0105
h 0.29633
l 0.09525,-0.0105
h 0.2857
l 0.09525,-0.0105
h 0.2857
l 0.09525,-0.0105
h 0.20108
l 0.09525,-0.0105
h 0.2857
l 0.09525,-0.0105
h 0.190
l 0.09525,-0.0105
h 0.29633
l 0.09525,-0.0105
h 0.0952
l 0.09525,-0.0105
h 0.190
l 0.09525,-0.0105
h 0.2857
l 0.105834,-0.0105
h 0.190
l 0.09525,-0.0105
h 0.2857
l 0.09525,-0.0105
h 0.0952
l 0.09525,-0.0105
h 0.29633
l 0.09525,-0.0105
h 0.190
l 0.09525,-0.0105
h 0.2857
l 0.09525,-0.0105
h 0.29633
l 0.09525,-0.0105
h 0.2857
l 0.09525,-0.0105
h 0.2857
l 0.105834,-0.0105
h 0.38
l 0.09525,-0.0105
h 0.28575
m 70.081014,21.64185
0.09525,-0.0105
h 0.39158
l 0.09525,-0.0105
h 0.2857
l 0.09525,-0.0105
h 0.29633
l 0.09525,-0.0105
h 0.2857
l 0.09525,-0.0105
h 0.38
l 0.105834,-0.0105
h 0.38
l 0.09525,-0.0105
h 0.4762
l 0.105833,-0.0105
h 0.571
l 0.09525,-0.0105
h 0.39158
l 0.09525,-0.0105
h 0.571
l 0.09525,-0.0105
h 0.48683
l 0.09525,-0.0105
h 0.38
l 0.09525,-0.0105
h 0.48683
l 0.09525,-0.0105
h 0.4762
l 0.105833,-0.0105
h 0.4762
l 0.09525,-0.0105
h 0.48683
l 0.09525,-0.0105
h 0.571
l 0.09525,-0.0105
h 0.48683
l 0.09525,-0.0105
h 0.28575
m 80.092848,21.44077
h 0.29633
l 0.09525,-0.0105
h 0.4762
l 0.09525,-0.0105
h 0.4445
